[ 0.31038792  0.50580763 -0.85801897]
[-1.62257194  0.90006739  0.00720526]
[ 1.45850183 -0.53707167  0.75276528]
[ 0.59230339 -1.08174919  1.80973641]
[ 0.61010034  1.37208952 -0.78589668]
[-0.43910599 -1.0684265   1.71623182]
[-1.36016034 -1.95365862 -1.81955623]
[-1.81657023 -1.54739187  0.65941338]
[-0.52801047  1.72866913 -0.88042326]
[-1.22086015 -0.03167724 -0.09148835]
[ 1.97176147 -0.46867422 -0.89931589]
[ 1.20528646 -0.64529987  1.53097496]
[ 0.8877857   1.09544197 -0.00709368]
[-0.14789535  1.29470171 -1.87257312]
[-1.44626519 -0.05644124 -0.19486792]
[-0.00853062  0.01629088  0.19548001]
[ 0.04420402 -0.29274796  0.64873187]
[-0.89035984  1.66932589 -1.6880043 ]
[-0.50628061 -0.53424906  1.69415618]
[-0.72464304 -1.63027279  1.79310356]
[ 0.0205942  1.240178   0.7332725]
[ 0.39790179 -0.16583847 -0.27564103]
[-1.36341646 -1.55048948 -0.71363063]
[-1.09722816  0.02659683  0.74088972]
[ 1.01968887  0.95682355 -1.16320007]
[ 1.49286501 -1.26451597  1.92499709]
[-1.95069673 -1.63659212  1.51629506]
[ 0.71063122  0.12609032 -1.59030489]
[ 0.81395442 -0.84190181 -0.78862222]
[ 0.38823796  1.94362659  0.80581256]
[ 0.33197954 -1.27799238 -0.91675043]
[-1.76694329  1.63955178 -1.57658577]
[ 0.96112695 -1.85118359  0.75384847]
[-1.85989596  1.64699425 -1.31263233]
[ 1.76336959 -0.41675984 -1.84640732]
[ 1.07838619  0.56193742 -0.75292284]
[ 0.29621835 -1.16280523  1.59118177]
[-0.06321388 -0.93398196  1.97143877]
[ 1.88481732  0.18003382  1.86508989]
[-0.64227887 -0.04176042  0.03390108]
[ 1.92337291 -1.9187835  -0.41106667]
[-0.82728547 -1.43284906  0.61468193]
[ 0.00400232  0.56916483  0.82796385]
[-0.03083737 -1.75074902  1.59806729]
[ 0.58050448  1.68809001 -0.31037299]
[-0.44752774  1.69218895 -1.88519453]
[-1.72206153 -0.90158496 -0.58487994]
[ 0.56849872 -1.38791606  0.58895783]
[ 0.37654206  0.45000939  1.30105273]
[-0.28372715 -0.11661101 -0.52092463]
