[ 0.71535025 -1.32067461 -0.93445169]
[ 0.67458633  1.284363   -0.96215194]
[-1.9052682   1.42816109 -1.01091468]
[ 1.22151637  1.09755124  0.05436538]
[ 1.82630821  0.92782002 -0.45868687]
[-1.45135215  0.33279232  0.77270728]
[ 0.99202744 -0.7515546  -1.63788   ]
[ 0.591576   -1.6291434   1.90497433]
[ 1.94895951 -0.57042896 -1.54973076]
[ 0.02658585 -0.09319727 -0.46340262]
[-1.85243493 -0.97465715 -0.26916038]
[-1.535067   -0.29502548 -0.84760145]
[ 0.64124008 -0.34509262 -0.35513498]
[ 1.89195673 -0.95893646 -1.2307321 ]
[ 1.20696951 -0.98775608  1.05520084]
[ 0.31637018 -0.98222648  1.00740649]
[ 0.38305608  1.15009241 -0.02029155]
[ 0.50348226  1.76748649  1.357923  ]
[ 1.16944325 -0.77111211 -0.38306735]
[ 0.51529022 -0.84639453  0.37102365]
[-0.49126086 -1.60569526  1.60437658]
[-1.29934617 -0.1607876   0.05765112]
[-1.97861685  1.31420571  0.17380609]
[-1.77271189  0.68204807  0.70797509]
[-0.24638027 -0.86589905 -1.80334392]
[-1.89347239  0.97722933 -0.62507953]
[ 0.746592   -0.09945587  0.54408452]
[-1.34540731  1.02431835 -1.31418378]
[-0.61467284 -0.21943167 -0.63325313]
[ 1.42796774 -1.6614427   0.44220562]
[-1.39416705  1.09322885  0.4956082 ]
[-0.94765636 -0.32950055  0.0499297 ]
[ 0.8850259   0.17935912 -0.479417  ]
[-1.04336963  1.84298436 -1.98770036]
[ 1.88615823 -0.42430906  1.41051921]
[ 1.41931668  1.68371428  0.02786298]
[-1.17017862 -0.93727173 -1.26793886]
[ 1.23014276 -1.81870233  0.8305817 ]
[ 1.07485626 -0.25547952 -0.94387567]
[-1.69504535  1.65147284 -0.14930218]
[ 1.03385974 -1.60038457 -1.81361247]
[ 0.88362684 -1.947205   -0.96987718]
[ 1.65468014  0.62694157  1.17752992]
[-1.08147395 -0.95051085 -0.12548557]
[-0.90571149 -1.71448567  0.27688312]
[-0.86598847  0.50771613 -0.56742125]
[ 1.88719651  0.39332359  0.56112024]
[ 1.90768119  1.26253476  0.84204141]
[ 0.53801071 -1.05547649 -0.85436085]
[ 0.31362184  1.39921969  0.57052036]
